- latitude: 37.719457
  longitude: 127.525468
- latitude: 37.719518
  longitude: 127.525593
